80 100
1 28
1 29
1 30
1 31
1 32
1 33
1 34
1 35
1 36
1 37
1 38
2 4
2 5
2 6
2 7
2 8
2 9
2 10
2 11
2 12
2 28
2 29
2 30
2 31
2 32
2 33
2 34
2 35
2 36
2 37
2 38
3 4
3 5
3 6
3 7
3 8
3 9
3 10
3 11
3 12
3 28
3 29
3 30
3 31
3 32
3 33
3 34
3 35
3 36
3 37
3 38
4 4
4 5
4 6
4 7
4 8
4 9
4 10
4 11
4 12
4 28
4 29
4 30
4 31
4 32
4 33
4 34
4 35
4 36
4 37
4 38
5 4
5 5
5 6
5 7
5 8
5 9
5 10
5 11
5 12
5 28
5 29
5 30
5 31
5 32
5 33
5 34
5 35
5 36
5 37
5 38
5 70
5 71
5 72
5 73
5 74
5 75
5 76
5 77
5 78
6 4
6 5
6 6
6 7
6 8
6 9
6 10
6 11
6 12
6 28
6 29
6 30
6 31
6 32
6 33
6 34
6 35
6 36
6 37
6 38
6 60
6 61
6 62
6 63
6 64
6 65
6 66
6 67
6 68
6 70
6 71
6 72
6 73
6 74
6 75
6 76
6 77
6 78
7 4
7 5
7 6
7 7
7 8
7 9
7 10
7 11
7 12
7 28
7 29
7 30
7 31
7 32
7 33
7 34
7 35
7 36
7 37
7 38
7 43
7 44
7 45
7 46
7 47
7 48
7 49
7 50
7 51
7 60
7 61
7 62
7 63
7 64
7 65
7 66
7 67
7 68
7 70
7 71
7 72
7 73
7 74
7 75
7 76
7 77
7 78
8 4
8 5
8 6
8 7
8 8
8 9
8 10
8 11
8 12
8 28
8 29
8 30
8 31
8 32
8 33
8 34
8 35
8 36
8 37
8 38
8 43
8 44
8 45
8 46
8 47
8 48
8 49
8 50
8 51
8 60
8 61
8 62
8 63
8 64
8 65
8 66
8 67
8 68
8 70
8 71
8 72
8 73
8 74
8 75
8 76
8 77
8 78
9 4
9 5
9 6
9 7
9 8
9 9
9 10
9 11
9 12
9 28
9 29
9 30
9 31
9 32
9 33
9 34
9 35
9 36
9 37
9 38
9 43
9 44
9 45
9 46
9 47
9 48
9 49
9 50
9 51
9 60
9 61
9 62
9 63
9 64
9 65
9 66
9 67
9 68
9 70
9 71
9 72
9 73
9 74
9 75
9 76
9 77
9 78
10 4
10 5
10 6
10 7
10 8
10 9
10 10
10 11
10 12
10 43
10 44
10 45
10 46
10 47
10 48
10 49
10 50
10 51
10 60
10 61
10 62
10 63
10 64
10 65
10 66
10 67
10 68
10 70
10 71
10 72
10 73
10 74
10 75
10 76
10 77
10 78
11 43
11 44
11 45
11 46
11 47
11 48
11 49
11 50
11 51
11 60
11 61
11 62
11 63
11 64
11 65
11 66
11 67
11 68
11 70
11 71
11 72
11 73
11 74
11 75
11 76
11 77
11 78
12 43
12 44
12 45
12 46
12 47
12 48
12 49
12 50
12 51
12 60
12 61
12 62
12 63
12 64
12 65
12 66
12 67
12 68
12 70
12 71
12 72
12 73
12 74
12 75
12 76
12 77
12 78
13 43
13 44
13 45
13 46
13 47
13 48
13 49
13 50
13 51
13 60
13 61
13 62
13 63
13 64
13 65
13 66
13 67
13 68
13 70
13 71
13 72
13 73
13 74
13 75
13 76
13 77
13 78
14 43
14 44
14 45
14 46
14 47
14 48
14 49
14 50
14 51
14 60
14 61
14 62
14 63
14 64
14 65
14 66
14 67
14 68
15 43
15 44
15 45
15 46
15 47
15 48
15 49
15 50
17 43
17 44
17 45
17 46
17 47
17 48
17 49
17 50
17 51
18 32
18 33
18 34
18 35
18 36
18 37
18 38
18 39
18 40
18 41
18 42
18 43
18 44
18 45
18 46
18 47
18 48
18 49
18 50
18 51
18 52
18 53
18 60
18 61
18 62
18 63
18 64
18 65
18 66
18 67
18 68
18 69
19 9
19 10
19 11
19 12
19 13
19 14
19 15
19 16
19 17
19 30
19 31
19 32
19 33
19 34
19 35
19 36
19 37
19 38
19 39
19 40
19 41
19 42
19 43
19 44
19 45
19 46
19 47
19 48
19 49
19 50
19 51
19 52
19 53
19 60
19 61
19 62
19 63
19 64
19 65
19 66
19 67
19 68
19 69
19 82
19 83
19 84
19 85
19 86
19 87
19 88
19 89
19 90
20 9
20 10
20 11
20 12
20 13
20 14
20 15
20 16
20 17
20 29
20 30
20 31
20 32
20 33
20 34
20 35
20 36
20 37
20 38
20 39
20 40
20 41
20 42
20 43
20 44
20 45
20 46
20 47
20 48
20 49
20 50
20 51
20 52
20 53
20 54
20 60
20 61
20 62
20 63
20 64
20 65
20 66
20 67
20 68
20 69
20 82
20 83
20 84
20 85
20 86
20 87
20 88
20 89
20 90
21 9
21 10
21 11
21 12
21 13
21 14
21 15
21 16
21 17
21 27
21 28
21 29
21 30
21 31
21 32
21 33
21 34
21 35
21 36
21 37
21 38
21 39
21 40
21 41
21 42
21 43
21 44
21 45
21 46
21 47
21 48
21 49
21 50
21 51
21 52
21 53
21 54
21 60
21 61
21 62
21 63
21 64
21 65
21 66
21 67
21 68
21 69
21 82
21 83
21 84
21 85
21 86
21 87
21 88
21 89
21 90
22 9
22 10
22 11
22 12
22 13
22 14
22 15
22 16
22 17
22 27
22 28
22 29
22 30
22 31
22 32
22 33
22 34
22 35
22 36
22 37
22 38
22 39
22 40
22 41
22 42
22 43
22 44
22 45
22 46
22 47
22 48
22 49
22 50
22 51
22 52
22 53
22 54
22 60
22 61
22 62
22 63
22 64
22 65
22 66
22 67
22 68
22 69
22 82
22 83
22 84
22 85
22 86
22 87
22 88
22 89
22 90
23 9
23 10
23 11
23 12
23 13
23 14
23 15
23 16
23 17
23 27
23 28
23 29
23 30
23 31
23 32
23 33
23 34
23 35
23 36
23 37
23 38
23 39
23 40
23 41
23 42
23 43
23 44
23 45
23 46
23 47
23 48
23 49
23 50
23 51
23 52
23 53
23 54
23 55
23 56
23 60
23 61
23 62
23 63
23 64
23 65
23 66
23 67
23 68
23 69
23 82
23 83
23 84
23 85
23 86
23 87
23 88
23 89
23 90
24 9
24 10
24 11
24 12
24 13
24 14
24 15
24 16
24 17
24 27
24 28
24 29
24 30
24 31
24 32
24 33
24 34
24 35
24 36
24 37
24 38
24 39
24 40
24 41
24 42
24 43
24 44
24 45
24 46
24 47
24 48
24 49
24 50
24 51
24 52
24 53
24 54
24 55
24 56
24 61
24 62
24 63
24 64
24 65
24 66
24 67
24 68
24 69
24 82
24 83
24 84
24 85
24 86
24 87
24 88
24 89
24 90
25 9
25 10
25 11
25 12
25 13
25 14
25 15
25 16
25 17
25 27
25 28
25 29
25 30
25 31
25 32
25 33
25 34
25 35
25 36
25 37
25 38
25 39
25 40
25 41
25 42
25 43
25 44
25 45
25 46
25 47
25 48
25 49
25 50
25 51
25 52
25 53
25 54
25 55
25 56
25 62
25 63
25 64
25 65
25 66
25 67
25 68
25 69
25 82
25 83
25 84
25 85
25 86
25 87
25 88
25 89
25 90
26 9
26 10
26 11
26 12
26 13
26 14
26 15
26 16
26 17
26 26
26 27
26 28
26 29
26 30
26 31
26 32
26 33
26 34
26 35
26 36
26 37
26 38
26 39
26 40
26 41
26 42
26 43
26 44
26 45
26 46
26 47
26 48
26 49
26 50
26 51
26 52
26 53
26 54
26 55
26 56
26 62
26 63
26 64
26 65
26 66
26 67
26 68
26 69
26 82
26 83
26 84
26 85
26 86
26 87
26 88
26 89
26 90
27 9
27 10
27 11
27 12
27 13
27 14
27 15
27 16
27 17
27 26
27 27
27 28
27 29
27 30
27 31
27 32
27 33
27 34
27 35
27 36
27 37
27 38
27 39
27 40
27 41
27 42
27 43
27 44
27 45
27 46
27 47
27 48
27 49
27 50
27 51
27 52
27 53
27 54
27 55
27 56
27 57
27 62
27 63
27 64
27 65
27 66
27 67
27 82
27 83
27 84
27 85
27 86
27 87
27 88
27 89
27 90
28 26
28 27
28 28
28 29
28 30
28 31
28 32
28 33
28 34
28 35
28 36
28 37
28 38
28 39
28 40
28 41
28 42
28 43
28 44
28 45
28 46
28 47
28 48
28 49
28 50
28 51
28 52
28 53
28 54
28 55
28 56
28 57
29 26
29 27
29 28
29 29
29 30
29 31
29 32
29 33
29 34
29 35
29 36
29 37
29 38
29 39
29 40
29 41
29 42
29 43
29 44
29 45
29 46
29 47
29 48
29 49
29 50
29 51
29 52
29 53
29 54
29 55
29 56
29 57
29 58
30 26
30 27
30 28
30 29
30 30
30 31
30 32
30 33
30 34
30 35
30 36
30 37
30 38
30 39
30 40
30 41
30 42
30 43
30 44
30 45
30 46
30 47
30 48
30 49
30 50
30 51
30 52
30 53
30 54
30 55
30 56
30 57
30 58
30 59
31 26
31 27
31 28
31 29
31 30
31 31
31 32
31 33
31 34
31 35
31 36
31 37
31 38
31 39
31 40
31 41
31 42
31 43
31 44
31 45
31 46
31 47
31 48
31 49
31 50
31 51
31 52
31 53
31 54
31 55
31 56
31 57
31 58
31 59
31 71
31 72
31 73
31 74
31 75
31 76
31 77
31 78
31 79
32 26
32 27
32 28
32 29
32 30
32 31
32 32
32 33
32 34
32 35
32 36
32 37
32 38
32 39
32 40
32 41
32 42
32 43
32 44
32 45
32 46
32 47
32 48
32 49
32 50
32 51
32 52
32 53
32 54
32 55
32 56
32 57
32 58
32 59
32 71
32 72
32 73
32 74
32 75
32 76
32 77
32 78
32 79
33 26
33 27
33 28
33 29
33 30
33 31
33 32
33 33
33 34
33 35
33 36
33 37
33 38
33 39
33 40
33 41
33 42
33 43
33 44
33 45
33 46
33 47
33 48
33 49
33 50
33 51
33 52
33 53
33 54
33 55
33 56
33 57
33 58
33 59
33 71
33 72
33 73
33 74
33 75
33 76
33 77
33 78
33 79
34 26
34 27
34 28
34 29
34 30
34 31
34 32
34 33
34 34
34 35
34 36
34 37
34 38
34 39
34 40
34 41
34 42
34 43
34 44
34 45
34 46
34 47
34 48
34 49
34 50
34 51
34 52
34 53
34 54
34 55
34 56
34 57
34 58
34 59
34 71
34 72
34 73
34 74
34 75
34 76
34 77
34 78
34 79
35 27
35 28
35 29
35 30
35 31
35 32
35 33
35 34
35 35
35 36
35 37
35 38
35 39
35 40
35 41
35 42
35 43
35 44
35 45
35 46
35 47
35 48
35 49
35 50
35 51
35 52
35 53
35 54
35 55
35 56
35 57
35 58
35 59
35 71
35 72
35 73
35 74
35 75
35 76
35 77
35 78
35 79
36 27
36 28
36 29
36 30
36 31
36 32
36 33
36 34
36 35
36 36
36 37
36 38
36 39
36 40
36 41
36 42
36 43
36 44
36 45
36 46
36 47
36 48
36 49
36 50
36 51
36 52
36 53
36 54
36 55
36 56
36 57
36 58
36 59
36 71
36 72
36 73
36 74
36 75
36 76
36 77
36 78
36 79
37 27
37 28
37 29
37 30
37 31
37 32
37 33
37 34
37 35
37 36
37 37
37 38
37 39
37 40
37 41
37 42
37 43
37 44
37 45
37 46
37 47
37 48
37 49
37 50
37 51
37 52
37 53
37 54
37 55
37 56
37 57
37 58
37 59
37 71
37 72
37 73
37 74
37 75
37 76
37 77
37 78
37 79
38 27
38 28
38 29
38 30
38 31
38 32
38 33
38 34
38 35
38 36
38 37
38 38
38 39
38 40
38 41
38 42
38 43
38 44
38 45
38 46
38 47
38 48
38 49
38 50
38 51
38 52
38 53
38 54
38 55
38 56
38 57
38 58
38 59
38 71
38 72
38 73
38 74
38 75
38 76
38 77
38 78
38 79
39 16
39 17
39 18
39 19
39 20
39 21
39 22
39 23
39 24
39 27
39 28
39 29
39 30
39 31
39 32
39 33
39 34
39 35
39 36
39 37
39 38
39 39
39 40
39 41
39 42
39 43
39 44
39 45
39 46
39 47
39 48
39 49
39 50
39 51
39 52
39 53
39 54
39 55
39 56
39 57
39 58
39 71
39 72
39 73
39 74
39 75
39 76
39 77
39 78
39 79
40 16
40 17
40 18
40 19
40 20
40 21
40 22
40 23
40 24
40 28
40 29
40 30
40 31
40 32
40 33
40 34
40 35
40 36
40 37
40 38
40 39
40 40
40 41
40 42
40 43
40 44
40 45
40 46
40 47
40 48
40 49
40 50
40 51
40 52
40 53
40 54
40 55
40 56
40 57
40 58
41 16
41 17
41 18
41 19
41 20
41 21
41 22
41 23
41 24
41 28
41 29
41 30
41 31
41 32
41 33
41 34
41 35
41 36
41 37
41 38
41 39
41 40
41 41
41 42
41 43
41 44
41 45
41 46
41 47
41 48
41 49
41 50
41 51
41 52
41 53
41 54
41 55
41 56
41 57
41 58
42 16
42 17
42 18
42 19
42 20
42 21
42 22
42 23
42 24
42 28
42 29
42 30
42 31
42 32
42 33
42 34
42 35
42 36
42 37
42 38
42 39
42 40
42 41
42 42
42 43
42 44
42 45
42 46
42 47
42 48
42 49
42 50
42 51
42 52
42 53
42 54
42 55
42 56
42 57
43 16
43 17
43 18
43 19
43 20
43 21
43 22
43 23
43 24
43 30
43 31
43 32
43 33
43 34
43 35
43 36
43 37
43 38
43 39
43 40
43 41
43 42
43 43
43 44
43 45
43 46
43 47
43 48
43 49
43 50
43 51
43 52
43 53
43 54
43 55
43 56
43 57
44 16
44 17
44 18
44 19
44 20
44 21
44 22
44 23
44 24
44 30
44 31
44 32
44 33
44 34
44 35
44 36
44 37
44 38
44 39
44 40
44 41
44 42
44 43
44 44
44 45
44 46
44 47
44 48
44 49
44 50
44 51
44 52
44 53
44 54
44 55
44 56
44 57
45 16
45 17
45 18
45 19
45 20
45 21
45 22
45 23
45 24
45 30
45 31
45 32
45 33
45 34
45 35
45 36
45 37
45 38
45 39
45 40
45 41
45 42
45 43
45 44
45 45
45 46
45 47
45 48
45 49
45 50
45 51
45 52
45 53
45 54
45 55
46 16
46 17
46 18
46 19
46 20
46 21
46 22
46 23
46 24
46 32
46 33
46 34
46 35
46 36
46 37
46 38
46 39
46 40
46 41
46 42
46 43
46 44
46 45
46 46
46 47
46 48
46 49
46 50
46 51
46 52
46 53
47 16
47 17
47 18
47 19
47 20
47 21
47 22
47 23
47 24
47 33
47 34
47 35
47 36
47 37
47 38
47 39
47 40
47 41
47 42
47 43
47 44
47 45
47 46
47 47
47 48
52 8
52 9
52 10
52 11
52 12
52 13
52 14
52 15
52 16
52 65
52 66
52 67
52 68
52 69
52 70
52 71
52 72
52 73
53 8
53 9
53 10
53 11
53 12
53 13
53 14
53 15
53 16
53 65
53 66
53 67
53 68
53 69
53 70
53 71
53 72
53 73
54 8
54 9
54 10
54 11
54 12
54 13
54 14
54 15
54 16
54 65
54 66
54 67
54 68
54 69
54 70
54 71
54 72
54 73
55 8
55 9
55 10
55 11
55 12
55 13
55 14
55 15
55 16
55 65
55 66
55 67
55 68
55 69
55 70
55 71
55 72
55 73
55 84
55 85
55 86
55 87
55 88
55 89
55 90
55 91
55 92
56 8
56 9
56 10
56 11
56 12
56 13
56 14
56 15
56 16
56 65
56 66
56 67
56 68
56 69
56 70
56 71
56 72
56 73
56 84
56 85
56 86
56 87
56 88
56 89
56 90
56 91
56 92
57 8
57 9
57 10
57 11
57 12
57 13
57 14
57 15
57 16
57 65
57 66
57 67
57 68
57 69
57 70
57 71
57 72
57 73
57 84
57 85
57 86
57 87
57 88
57 89
57 90
57 91
57 92
58 8
58 9
58 10
58 11
58 12
58 13
58 14
58 15
58 16
58 65
58 66
58 67
58 68
58 69
58 70
58 71
58 72
58 73
58 84
58 85
58 86
58 87
58 88
58 89
58 90
58 91
58 92
59 8
59 9
59 10
59 11
59 12
59 13
59 14
59 15
59 16
59 65
59 66
59 67
59 68
59 69
59 70
59 71
59 72
59 73
59 84
59 85
59 86
59 87
59 88
59 89
59 90
59 91
59 92
60 8
60 9
60 10
60 11
60 12
60 13
60 14
60 15
60 16
60 39
60 40
60 41
60 42
60 43
60 44
60 45
60 46
60 47
60 65
60 66
60 67
60 68
60 69
60 70
60 71
60 72
60 73
60 84
60 85
60 86
60 87
60 88
60 89
60 90
60 91
60 92
61 39
61 40
61 41
61 42
61 43
61 44
61 45
61 46
61 47
61 84
61 85
61 86
61 87
61 88
61 89
61 90
61 91
61 92
62 39
62 40
62 41
62 42
62 43
62 44
62 45
62 46
62 47
62 84
62 85
62 86
62 87
62 88
62 89
62 90
62 91
62 92
63 39
63 40
63 41
63 42
63 43
63 44
63 45
63 46
63 47
63 84
63 85
63 86
63 87
63 88
63 89
63 90
63 91
63 92
64 39
64 40
64 41
64 42
64 43
64 44
64 45
64 46
64 47
65 39
65 40
65 41
65 42
65 43
65 44
65 45
65 46
65 47
66 39
66 40
66 41
66 42
66 43
66 44
66 45
66 46
66 47
67 39
67 40
67 41
67 42
67 43
67 44
67 45
67 46
67 47
68 39
68 40
68 41
68 42
68 43
68 44
68 45
68 46
68 47
